005930
000660
373220
207940
005490
005380
006400
051910
035420
000270
068270
105560
055550
035720
012330
028260
066570
003670
323410
086790
096770
009150
017670
033780
015760
034730
000810
032830
018260
003550
030200
010950
011070
086280
009540
028050
047810
271560
024110
161390
010130
036570
009830
051900
011170
267250
042660
004020
003490
047050
097950
326030
352820
036460
010140
004170
078930
051915
000720
003550
011200
010620
001450
000100
006800
016360
000080
004990
139480
030000
064350
111770
004370
088350
006260
001040
012450
069960
007070
001740
282330
138930
003230
011780
298050
298020
090430
010950
241560
267270
006360
005940
000150
047040
008770
000120
001430
005850
018880
011790
